48.0
53.333333333333336
66.0
42.333333333333336
52.333333333333336
60.666666666666664
74.0
73.33333333333333
49.0
69.33333333333333
56.333333333333336
87.66666666666667
71.0
52.666666666666664
61.333333333333336
59.0
50.333333333333336
62.0
65.66666666666667
60.666666666666664
52.0
74.66666666666667
44.333333333333336
52.0
45.666666666666664
62.0
76.0
58.666666666666664
41.333333333333336
41.333333333333336
85.33333333333333
58.333333333333336
47.0
63.666666666666664
74.66666666666667
49.666666666666664
50.0
57.333333333333336
89.0
57.666666666666664
91.33333333333333
71.33333333333333
75.66666666666667
48.0
52.666666666666664
49.333333333333336
55.666666666666664
49.666666666666664
58.333333333333336
65.66666666666667
54.666666666666664
67.0
85.0
42.666666666666664
58.333333333333336
80.66666666666667
57.0
72.66666666666667
81.0
35.666666666666664
73.0
54.666666666666664
72.33333333333333
67.0
46.0
50.0
88.0
77.0
53.666666666666664
57.0
65.33333333333333
78.66666666666667
59.333333333333336
76.66666666666667
43.666666666666664
54.666666666666664
74.33333333333333
74.33333333333333
74.0
70.0
34.333333333333336
50.0
49.333333333333336
60.0
95.0
78.0
50.333333333333336
63.666666666666664
58.0
33.333333333333336
52.333333333333336
82.0
83.66666666666667
56.0
55.666666666666664
82.0
65.33333333333333
66.0
58.666666666666664
48.0
41.333333333333336
45.333333333333336
68.0
89.66666666666667
68.33333333333333
50.0
70.0
39.333333333333336
56.666666666666664
70.33333333333333
44.666666666666664
73.33333333333333
48.333333333333336
71.33333333333333
70.33333333333333
58.333333333333336
70.33333333333333
87.66666666666667
29.666666666666668
60.0
63.125 60.391666666666666 61.291666666666664 